"d" <-
structure(list(Subj = structure(as.integer(c(1, 1, 1, 1, 1, 1, 
1, 1, 1, 2, 2, 2, 2, 2, 2, 2, 2, 2, 2, 3, 3, 3, 3, 3, 3, 3, 3, 
4, 4, 4, 4, 4, 4, 4, 4, 4, 5, 5, 5, 5, 5, 5, 5, 5, 6, 6, 6, 6, 
6, 6, 6, 6, 7, 7, 7, 7, 7, 7, 7, 7, 7, 7, 8, 8, 8, 8, 8, 8, 8, 
8, 8, 8, 8, 8, 9, 9, 9, 9, 9, 9, 9, 9, 9, 10, 10, 10, 10, 10, 
10, 10, 10, 10, 10, 11, 11, 11, 11, 11, 11, 11, 12, 12, 12, 12, 
12, 12, 12, 12, 12, 13, 13, 13, 13, 13, 13, 13, 13, 13, 13, 13, 
13, 14, 14, 14, 14, 14, 14, 14, 14, 14, 15, 15, 15, 15, 15, 15, 
15, 15, 16, 16, 16, 16, 16, 16, 16, 16, 16, 16, 17, 17, 17, 17, 
17, 17, 17, 17, 17, 17, 17, 18, 18, 18, 18, 18, 18, 18, 18, 18, 
18, 18, 19, 19, 19, 19, 19, 19, 19, 19, 20, 20, 20, 20, 20, 20, 
20, 20, 20, 20, 21, 21, 21, 21, 21, 21, 21, 22, 22, 22, 22, 22, 
22, 22, 22, 22, 23, 23, 23, 23, 23, 23, 23, 23, 23, 24, 24, 24, 
24, 24, 24, 24, 24, 24, 24, 24, 24, 24, 25, 25, 25, 25, 25, 25, 
25, 25, 25, 25, 26, 26, 26, 26, 26, 26, 26, 26, 26, 26, 26, 26, 
27, 27, 27, 27, 27, 27, 27, 28, 28, 28, 28, 28, 28, 28, 28, 28, 
28, 28, 29, 29, 29, 29, 29, 29, 29, 29, 29, 29, 29, 30, 30, 30, 
30, 30, 30, 30, 30, 30, 30, 30, 31, 31, 31, 31, 31, 31, 31, 31, 
32, 32, 32, 32, 32, 32, 32, 32, 32, 33, 33, 33, 33, 33, 33, 33, 
33, 33, 33, 33, 34, 34, 34, 34, 34, 34, 34, 34, 34, 34, 35, 35, 
35, 35, 35, 35, 35, 35, 35, 35, 35, 35, 36, 36, 36, 36, 36, 36, 
36, 37, 37, 37, 37, 37, 37, 37, 37, 37, 37, 37, 37, 37, 38, 38, 
38, 38, 38, 38, 38, 38, 39, 39, 39, 39, 39, 39, 39, 39, 40, 40, 
40, 40, 40, 40, 40, 40, 40, 41, 41, 41, 41, 41, 41, 41, 41, 42, 
42, 42, 42, 42, 42, 42, 42, 42, 42, 42, 42, 43, 43, 43, 43, 43, 
43, 43, 43, 43, 43, 44, 44, 44, 44, 44, 44, 44, 44, 44, 44, 45, 
45, 45, 45, 45, 45, 45, 45, 45, 45, 45, 46, 46, 46, 46, 46, 46, 
46, 46, 47, 47, 47, 47, 47, 47, 47, 47, 47, 47, 48, 48, 48, 48, 
48, 48, 48, 48, 48, 48, 49, 49, 49, 49, 49, 49, 49, 49, 49, 49, 
49, 49, 50, 50, 50, 50, 50, 50, 50, 50, 50)), .Label = c("1001", 
"1002", "1003", "1004", "1005", "1006", "1007", "1008", "1009", 
"1010", "1011", "1012", "1013", "1014", "1015", "2001", "2002", 
"2003", "2004", "2005", "2006", "2007", "2008", "2009", "2010", 
"2011", "2012", "2013", "2014", "2015", "2016", "2017", "2018", 
"2019", "2020", "2021", "2022", "2023", "2024", "2025", "2026", 
"2027", "2028", "2029", "2030", "3001", "3002", "3003", "3004", 
"3005"), class = "factor"), FVC = c(3.09753845587051, 3.21775797733220, 
3.99257072150487, 3.93067423216964, 3.86845879881369, 3.74658781750867, 
3.62939741709515, 3.51578537950721, 3.37492501004068, 2.14182934643996, 
2.25298951887363, 2.33474980916124, 2.44681060297073, 2.55159228459081, 
3.08022211294470, 2.86547848065988, 2.81797887108635, 2.75112388926136, 
2.545822245887, 3.02081234152144, 3.20359833424756, 3.1787567005416, 
3.02393659114649, 2.86862977943023, 2.81192788281506, 2.75592204650522, 
2.70453043885571, 2.31865190108132, 2.40437423491205, 2.71758769624288, 
3.83639186093523, 3.7347788128174, 3.66291482763577, 3.55477675400951, 
3.49657971880658, 3.38734233385769, 1.89034907220642, 2.1474275734718, 
3.45062021149573, 3.39358659430541, 3.29088047834291, 3.26232952460566, 
3.09908459006914, 2.94983732694547, 2.7594351369583, 2.98192252682464, 
3.09400006640443, 3.20738747843507, 3.82222555792896, 3.69568543771853, 
3.66252543857198, 3.33224760263709, 2.24454635124235, 2.54029187201087, 
2.71856006389791, 3.47373122993972, 3.42231782556595, 3.35797552963750, 
3.31566250804347, 3.2628603394539, 3.21016510227624, 3.14490192484658, 
2.09412563379658, 2.18772375457019, 2.28608287438458, 2.40876561412404, 
2.49866836164571, 3.15883678209431, 3.12898903687012, 2.90568570966960, 
2.84876668081319, 2.80811137950661, 2.71552553820306, 2.62104577005944, 
2.77718904985756, 2.93582608597001, 4.09938700392083, 4.02734535505769, 
3.97023817576708, 3.93312002195653, 3.70877237067126, 3.58255953528353, 
3.48042353082189, 2.42661163192561, 2.53620286823769, 2.75384737939275, 
2.85042179546236, 2.97761336746171, 3.56181948748915, 3.35285021526550, 
3.30665731996492, 3.17886108952204, 3.11495728570517, 3.09184116592016, 
3.18829056050687, 3.28908412120223, 2.84671269676582, 2.65896993136659, 
2.56339527860198, 2.50345883464085, 2.29005742735616, 2.58882335543945, 
2.82010012269669, 3.27531619706659, 3.17091484382221, 3.06631923887656, 
3.00869905978459, 2.91934265526395, 2.88122032701062, 3.30745267369522, 
3.43678373206746, 3.61680410846866, 3.83393419116879, 3.92276811870009, 
3.7933779879316, 3.53196128441187, 3.46006871815911, 3.42225798254045, 
3.36457439732337, 3.20246846330436, 3.17450281764578, 2.82441943441319, 
2.94054776123853, 3.01041950313117, 3.08571970863168, 3.21899147576851, 
3.01418756190968, 2.96318795994359, 2.72801335928139, 2.68066192613348, 
2.81362353043814, 3.02952946120595, 3.15448973075686, 3.34897056958684, 
2.77699017646278, 2.73105344966215, 2.59270664845721, 2.44922791316615, 
2.9581691991631, 3.13512530782228, 3.23301007636145, 3.75574659042050, 
3.68781599239294, 3.67420182398256, 3.55680584890785, 3.52568395611381, 
3.47689517463934, 3.29015060565016, 2.17713598122757, 2.26992756095142, 
2.37367754752051, 2.5921370154713, 3.36087047236905, 3.46330658473658, 
3.28362968439273, 3.15811436227216, 3.12519109842653, 3.03407671720790, 
2.98102367229513, 3.04360559762482, 3.2859217547621, 3.39187169536349, 
3.48455172288666, 3.58174846146575, 4.24250762945242, 4.40330501723701, 
4.32302584973823, 4.26211013889871, 4.1987647185942, 4.00842072153731, 
3.07835038630360, 3.13630513628777, 3.29602651408058, 3.82045609924087, 
4.66377388479198, 4.62270470705775, 4.57427576200565, 4.52355154401259, 
2.74097623627614, 3.13622979982424, 3.51097707724836, 4.06848857898502, 
3.96811799896194, 3.85430764092808, 3.78908513757464, 3.7318103293574, 
3.69640560747228, 3.49227964169438, 2.02248942553221, 2.6228455905132, 
3.19761043677266, 3.96181485519966, 3.90419279051744, 3.69437154967828, 
3.41342366326178, 2.95980643186117, 3.03197526485476, 3.14646990405389, 
3.67468801268969, 3.60017962609692, 3.49739402285939, 3.32633884980933, 
3.20835344101837, 3.1077582442629, 2.836159476033, 2.95540692621737, 
3.41820034934523, 3.87287855474468, 3.64643645514482, 3.58833060701842, 
3.54538265766555, 3.49683992752201, 3.43560039296107, 2.55056969406919, 
2.78321813359301, 3.236028507282, 3.47915730548320, 3.72179488230757, 
3.83141362933245, 4.19200606856708, 4.14771701532838, 4.04436827602856, 
3.87858258594085, 3.82914196433369, 3.75740506045715, 3.686202589866, 
2.73724989659599, 2.86489513325483, 2.96160338341815, 3.08928712253120, 
3.67639337551164, 4.04089877068381, 4.13654432483235, 3.76227163515647, 
3.66337764705980, 3.62227625212531, 2.49343209222870, 2.71430892259162, 
2.81917098923536, 3.03096005198199, 3.12310553929833, 3.3694664214415, 
4.38020314778065, 4.28690914889043, 4.24437660182625, 4.18615418958762, 
4.15325398975801, 3.84793400682244, 2.67150169219423, 3.02041762726321, 
3.57523373198445, 3.17876179070344, 3.07954072324972, 2.97878354786895, 
2.65090725804437, 2.32375669358886, 2.94941423970253, 3.53869327728699, 
3.65750240265172, 4.13837570905166, 3.98684192883343, 3.94590595774309, 
3.75862696357802, 3.65782881942546, 3.60937043555303, 3.55259807294342, 
2.64427881459306, 2.75439794230719, 2.84047202905933, 3.38507905699991, 
3.51634707823664, 4.36607871325441, 4.32369051195739, 4.26383164030387, 
4.03402944602089, 3.88495320873712, 3.85885322078512, 2.67968695367519, 
3.02161897345097, 3.33252668054702, 3.55663729485925, 3.68243178371296, 
3.45988037951771, 3.33419278432867, 3.12983572179464, 3.08520686443486, 
2.96108802867711, 2.7629725590389, 2.30069887782181, 2.41370347863768, 
2.74161322348336, 3.31037952103351, 3.21644236175733, 3.14598957996104, 
3.0035130639109, 2.85749743046836, 3.48633458969653, 3.82521231506073, 
3.9993399145732, 4.08866208551542, 4.43738621175623, 3.8257825222904, 
